[gd_scene load_steps=7 format=3 uid="uid://dap7knxxjqqk3"]

[ext_resource type="Script" path="res://CubeBodyBasicMovement.cs" id="1_k8aoe"]

[sub_resource type="BoxMesh" id="BoxMesh_q6tep"]

[sub_resource type="StandardMaterial3D" id="StandardMaterial3D_6muc4"]
albedo_color = Color(0.00392157, 0.00392157, 0.00392157, 1)

[sub_resource type="BoxShape3D" id="BoxShape3D_sgtq3"]

[sub_resource type="BoxMesh" id="BoxMesh_tfvih"]
size = Vector3(50, 0.5, 50)

[sub_resource type="BoxShape3D" id="BoxShape3D_i2vy6"]
size = Vector3(50, 0.05, 50)

[node name="Node3D" type="Node3D"]

[node name="CubeBody" type="CharacterBody3D" parent="."]
transform = Transform3D(1, 0, 0, 0, 1, 0, 0, 0, 1, 0, 1, 0)
script = ExtResource("1_k8aoe")

[node name="Cube" type="MeshInstance3D" parent="CubeBody"]
transform = Transform3D(0.998926, -0.0301277, 0.0352048, 0.0301092, 0.999546, 0.00105629, -0.0352206, 4.84771e-06, 0.99938, 0, 0, 0)
mesh = SubResource("BoxMesh_q6tep")
skeleton = NodePath("")
surface_material_override/0 = SubResource("StandardMaterial3D_6muc4")

[node name="CollisionShape3D" type="CollisionShape3D" parent="CubeBody"]
shape = SubResource("BoxShape3D_sgtq3")

[node name="StaticBody3D" type="StaticBody3D" parent="."]

[node name="MeshInstance3D" type="MeshInstance3D" parent="StaticBody3D"]
mesh = SubResource("BoxMesh_tfvih")

[node name="CollisionShape3D" type="CollisionShape3D" parent="StaticBody3D"]
transform = Transform3D(1, 7.10543e-15, 0, -7.10543e-15, 1, 0, 0, 0, 1, 0, 0, 0)
shape = SubResource("BoxShape3D_i2vy6")

[node name="Camera3D" type="Camera3D" parent="."]
transform = Transform3D(1, 0, 0, 0, 0.866025, 0.5, 0, -0.5, 0.866025, 0, 5, 10)

[node name="DirectionalLight3D" type="DirectionalLight3D" parent="."]
transform = Transform3D(-0.99737, 0.00639324, 0.0721898, 0.0724723, 0.0879844, 0.993482, 0, 0.996101, -0.0882163, 0, 0, 0)
